23.4
23.1
21.7
19.8
19.8
19.0
19.3
20.7
21.1
18.2
16.4
18.3
19.0
20.0
18.1
15.1
15.6
13.1
16.0
13.5
11.4
12.9
14.9
13.2
12.0
11.7
11.6
12.8
14.5
12.0
12.1
13.6
12.7
11.4
13.1
13.0
11.6
10.3
11.1
8.9
8.9
10.8
12.5
11.8
12.5
14.3
14.2
14.6
12.1
9.1
11.4
11.1
10.4
12.3
12.4
12.6
13.1
15.7
14.8
11.9
14.8
15.5
12.7
15.3
14.3
11.8
11.7
12.0
9.5
7.3
7.4
5.3
2.3
3.3
5.1
4.4
2.4
3.8
4.9
3.0
5.9
8.2
7.4
6.2
3.5
2.2
1.4
2.8
4.1
3.7
5.3
2.9
5.9
3.1
2.5
3.0
1.7
4.3
5.1
4.0
3.7
6.5
5.1
7.0
5.2
7.7
5.7
5.1
6.4
7.0
5.9
3.9
6.2
7.6
9.0
11.6
10.3
9.1
9.8
10.5
10.6
9.0
10.8
7.9
5.4
7.2
9.0
10.1
8.0
7.2
8.4
7.9
7.4
6.6
6.5
5.5
3.3
0.6
1.1
2.3
0.5
1.4
3.1
2.0
2.1
2.0
1.2
3.9
3.6
3.2
5.7
5.1
6.8
6.5
8.3
10.5
11.8
13.0
11.0
12.1
9.6
11.9
9.9
12.1
10.6
12.0
9.5
7.7
10.7
11.4
10.9
12.1
13.0
11.0
10.4
9.9
7.8
8.2
9.2
6.3
4.5
1.7
0.1
2.4
3.7
1.9
0.2
0.6
1.0
2.3
0.5
2.8
0.2
0.3
1.5
3.9
3.1
4.8
4.2
3.9
4.4
5.2
7.4
6.6
6.0
5.5
4.3
7.2
4.7
6.0
4.9
2.7
1.7
4.1
1.7
4.4
3.7
0.9
3.7
4.8
5.6
4.2
4.8
5.4
5.0
7.9
7.0
5.0
5.9
4.8
5.2
2.9
0.3
3.1
1.7
3.9
2.1
4.8
2.3
2.5
2.0
4.2
5.5
7.4
6.2
3.6
1.4
4.2
6.2
5.9
3.8
5.2
5.9
6.8
7.9
5.3
7.4
9.3
7.7
6.2
7.7
5.6
3.2
0.7
3.6
3.7
5.8
8.3
10.4
11.5
10.9
12.5
10.9
12.5
13.0
14.9
16.4
19.4
20.6
18.5
21.3
18.6
17.0
14.3
14.7
15.9
13.8
11.7
12.0
13.7
12.4
11.5
14.1
14.2
15.6
12.8
13.3
13.1
12.8
11.9
14.4
15.0
13.3
11.4
13.0
15.7
13.0
15.7
14.3
17.1
19.9
17.0
14.2
13.8
14.9
17.4
19.3
20.4
17.9
20.4
21.8
23.1
22.0
21.4
24.3
23.6
23.8
25.3
22.5
21.8
23.6
23.2
24.8
27.2
24.6
27.2
24.5
22.7
24.3
22.7
23.4
24.2
21.3
20.4
19.0
20.8
23.3
25.9
23.6
24.3
23.1
25.2
23.4
22.8
22.1
21.0
20.6
19.5
18.3
19.0
18.9
17.8
20.0
18.3
20.6
